20
4
0 75 62 36 44 48 10 16 28 70 59 35 58 28 19 46 51 29 39 14
75 0 21 5 54 32 40 52 45 51 8 14 61 43 38 13 14 29 45 56
62 21 0 57 63 27 41 15 21 49 3 16 24 22 34 46 7 36 70 73
36 5 57 0 39 50 28 40 4 65 58 18 67 67 41 43 60 39 58 34
44 54 63 39 0 2 34 26 2 11 3 11 25 63 34 14 4 35 29 71
48 32 27 50 2 0 29 51 3 40 2 44 72 17 45 13 53 40 7 62
10 40 41 28 34 29 0 11 45 30 30 45 44 55 20 68 16 6 34 44
16 52 15 40 26 51 11 0 9 7 9 34 72 45 28 69 14 16 11 29
28 45 21 4 2 3 45 9 0 44 53 11 16 46 7 60 56 27 1 61
70 51 49 65 11 40 30 7 44 0 10 27 24 15 59 50 71 43 49 72
59 8 3 58 3 2 30 9 53 10 0 22 18 38 15 2 58 24 8 12
35 14 16 18 11 44 45 34 11 27 22 0 70 12 33 29 28 64 60 13
58 61 24 67 25 72 44 72 16 24 18 70 0 28 33 17 56 63 20 59
28 43 22 67 63 17 55 45 46 15 38 12 28 0 7 51 55 20 17 44
19 38 34 41 34 45 20 28 7 59 15 33 33 7 0 37 75 44 30 13
46 13 46 43 14 13 68 69 60 50 2 29 17 51 37 0 31 31 56 66
51 14 7 60 4 53 16 14 56 71 58 28 56 55 75 31 0 36 72 69
29 29 36 39 35 40 6 16 27 43 24 64 63 20 44 31 36 0 61 72
39 45 70 58 29 7 34 11 1 49 8 60 20 17 30 56 72 61 0 2
14 56 73 34 71 62 44 29 61 72 12 13 59 44 13 66 69 72 2 0
